2
6
10
13
17
21
24
27
31
34
38
41
44
50
51
55
58
60
63
66
69
71
74
77
79
83
86
88
90
94
95
98
99
102
104
107
110
111
113
116
118
120
122
124
126
127
129
131
132
135
136
138
140
141
144
146
148
149
149
151
153
155
156
157
159
159
161
163
163
165
167
167
170
171
171
173
173
175
175
178
178
181
180
182
184
185
185
185
188
189
189
189
191
191
193
193
193
194
196
196
198
197
199
200
200
201
202
202
203
204
204
206
206
207
208
208
210
209
209
210
211
211
213
213
213
215
214
215
215
216
217
218
217
219
219
219
219
220
221
220
221
223
222
223
224
223
223
224
225
224
226
226
226
227
227
226
227
227
228
228
229
228
229
229
230
231
230
231
231
232
231
232
232
232
232
232
233
234
233
233
234
234
234
235
235
236
235
236
236
235
235
236
237
236
236
237
236
237
237
237
237
238
238
237
238
238
238
240
238
239
238
239
239
240
240
239
239
241
239
240
240
241
241
242
241
240
240
241
242
241
242
242
242
242
242
241
242
242
243
242
242
242
243
242
242
243
242
244
242
242
243
244
244
243
244
244
244
245
243
244
245
245
244
244
244
244
244
244
245
244
245
244
245
245
244
244
245
244
245
245
246
245
244
246
246
245
246
245
246
245
245
246
245
246
245
245
246
245
246
246
247
245
245
246
245
245
245
245
246
246
247
245
245
246
246
246
247
247
246
245
246
246
245
246
247
246
245
246
245
246
246
246
246
248
244
241
238
234
229
226
222
219
215
213
210
205
204
200
196
194
192
188
185
184
180
177
174
171
170
166
163
160
160
156
155
153
151
148
145
144
141
138
137
135
133
131
129
128
124
124
120
118
117
115
114
112
110
109
108
106
103
103
102
100
98
96
96
94
92
92
90
88
87
85
85
83
81
81
80
78
77
76
74
74
73
72
70
69
68
68
66
66
66
64
63
61
61
60
59
59
57
56
56
56
53
53
52
52
51
51
49
49
47
48
48
46
45
44
44
44
42
42
42
41
41
39
40
38
38
37
37
37
36
35
34
34
34
34
33
32
31
31
30
31
30
29
29
28
29
28
28
26
27
27
26
26
25
26
25
24
25
23
24
22
23
22
22
22
21
20
20
21
21
21
19
19
18
19
19
18
17
17
17
17
17
17
16
15
16
15
16
16
14
14
14
15
15
15
14
14
14
13
12
12
13
11
11
11
12
12
11
12
10
11
12
11
11
10
11
9
9
10
9
9
10
9
10
9
10
9
8
8
8
9
7
9
8
8
7
7
7
8
8
8
8
6
7
8
6
8
6
6
7
7
6
7
5
6
5
6
7
6
6
5
4
6
6
5
4
5
5
5
5
5
5
4
5
4
5
4
4
5
3
5
5
4
4
4
4
5
4
4
4
4
4
4
3
3
3
3
4
4
4
4
3
3
2
4
3
3
2
3
3
2
2
4
2
3
2
2
2
3
3
2
3
2
2
3
4
3
3
1
3
2
3
2
2
2
3
2
1
1
3
2
1
3
1
2
2
2
2
2
1
1
1
1
1
1
1
2
1
1
1
2
2
1
2
1
2
1
1
1
2
1
2
1
2
1
1
2
1
2
1
1
1
2
1
1
1
0
